3.265178203582762978e-02
1.510083675384521484e-02
4.769247770309448242e-02
2.350580692291259766e-02
1.469516754150390452e-02
4.171383380889892578e-02
1.126283407211303711e-02
2.457338571548461914e-02
1.032084226608276367e-02
3.970390558242797852e-02
5.321317911148071289e-02
1.936393976211547852e-02
4.125261306762695312e-02
4.207527637481689453e-02
2.123719453811645508e-02
3.001654148101806641e-02
3.243541717529296875e-02
2.285659313201904297e-02
1.819515228271484375e-02
1.176983118057250977e-02
1.650661230087280273e-02
4.711079597473143837e-02
2.428847551345824848e-02
3.189277648925781250e-02
3.142309188842773438e-02
2.742731571197509419e-02
1.443052291870117014e-02
1.155036687850952148e-02
4.421395063400267861e-02
2.904766798019409180e-02
5.007892847061157227e-02
1.576679944992065083e-02
3.473877906799315712e-02
1.687026023864746094e-02
3.947263956069946289e-02
3.087282180786132812e-02
2.866965532302856445e-02
2.184623479843139648e-02
1.860803365707397461e-02
3.594386577606201172e-02
2.657759189605712891e-02
3.169965744018554688e-02
2.310907840728759766e-02
2.104508876800536762e-02
5.942523479461669228e-02
4.111570119857788086e-02
5.382889509201049111e-02
2.766990661621093403e-02
2.718943357467651020e-02
1.320570707321166992e-02
2.021259069442749023e-02
2.683484554290771484e-02
3.659331798553466797e-02
2.698194980621337891e-02
6.667280197143554688e-02
4.326707124710083008e-02
2.183151245117187500e-02
3.763800859451293945e-02
1.087856292724609375e-02
5.044561624526977539e-02
2.500069141387939106e-02
2.497464418411254883e-02
2.825403213500976562e-02
2.032494544982909809e-02
2.345120906829833984e-02
1.571863889694213867e-02
3.199928998947142861e-02
3.121191263198852192e-02
6.496149301528930664e-02
3.561681509017943642e-02
2.621746063232421875e-02
1.779121160507201801e-02
2.349698543548583984e-02
4.051840305328368447e-02
3.174263238906859658e-02
3.166699409484863281e-02
5.247569084167479775e-02
3.198862075805664062e-02
2.846020460128784180e-02
2.935135364532470703e-02
2.908551692962646484e-02
5.025321245193481445e-02
2.151048183441161762e-02
2.509129047393798481e-02
2.679651975631713867e-02
2.902466058731079102e-02
3.293019533157348633e-02
3.504264354705810547e-02
1.411747932434082031e-02
4.803931713104247353e-02
2.077090740203857075e-02
4.638296365737915039e-02
2.450525760650634766e-02
5.975848436355590820e-02
4.396587610244750977e-02
4.649275541305541992e-02
4.388922452926635742e-02
2.561366558074951172e-02
2.363270521163940430e-02
1.682364940643310547e-02
