2.132493257522583008e-02
1.598405838012695312e-02
2.292728424072265625e-02
1.297056674957275391e-02
1.744771003723144531e-02
2.242821455001831055e-02
2.448111772537231445e-02
1.858544349670409809e-02
1.973360776901245117e-02
2.101677656173706055e-02
1.008713245391845530e-02
9.581506252288816625e-03
1.942819356918334961e-02
1.607382297515868794e-02
1.585948467254638672e-02
8.830189704895019531e-03
1.553452014923095703e-02
2.285659313201904297e-02
2.427822351455688477e-02
1.299577951431274414e-02
1.501166820526122873e-02
1.885473728179931294e-02
1.094990968704223459e-02
1.241266727447509766e-02
3.142309188842773438e-02
2.006864547729491841e-02
1.543569564819335938e-02
1.293498277664184570e-02
1.792174577713012695e-02
2.093279361724853169e-02
1.821792125701904297e-02
2.296739816665649414e-02
2.031832933425903320e-02
2.306652069091796875e-02
1.237571239471435547e-02
1.841676235198974609e-02
1.655668020248413086e-02
2.606475353240966797e-02
1.860284805297851562e-02
1.607936620712280273e-02
1.276075839996337891e-02
1.309669017791747873e-02
1.783114671707152973e-02
1.476573944091796702e-02
1.130133867263793945e-02
1.883423328399657856e-02
1.731032133102416992e-02
2.766990661621093750e-02
1.742756366729736328e-02
1.320570707321166992e-02
2.240794897079467773e-02
1.341629028320312500e-02
1.557481288909912109e-02
2.698194980621337544e-02
1.868796348571777344e-02
2.232551574707031250e-02
3.113400936126708637e-02
1.675325632095336914e-02
1.869469881057739258e-02
1.909291744232177387e-02
1.429080963134765625e-02
1.487678289413452148e-02
5.088961124420165322e-02
1.618397235870361328e-02
2.207833528518676411e-02
3.108447790145874023e-02
2.793854475021362305e-02
2.346044778823852539e-02
1.215183734893798828e-02
1.141887903213500803e-02
1.391243934631347656e-02
3.243690729141235352e-02
1.935434341430664062e-02
1.837885379791259766e-02
1.631879806518554688e-02
1.565945148468017578e-02
1.555299758911132812e-02
1.040506362915038889e-02
2.459466457366943359e-02
1.804423332214355469e-02
2.026063203811645508e-02
1.606738567352294575e-02
1.434069871902465820e-02
3.919517993927001953e-02
2.351498603820800781e-02
1.423716545104980295e-02
1.725840568542480122e-02
4.584312438964843750e-02
3.224742412567138672e-02
2.390974760055541992e-02
2.357602119445800781e-02
1.153814792633056641e-02
3.885561227798461914e-02
2.098894119262695312e-02
2.195459604263305664e-02
2.014195919036865234e-02
2.169448137283325195e-02
3.068673610687255512e-02
1.824140548706054688e-02
1.682364940643310547e-02
