3.265178203582762978e-02
1.510083675384521484e-02
4.769247770309448242e-02
2.350580692291259766e-02
1.383477449417114258e-02
4.171383380889892578e-02
1.970535516738891602e-02
2.457338571548461914e-02
1.973360776901245117e-02
3.970390558242797852e-02
5.321317911148071289e-02
1.936393976211547852e-02
4.125261306762695312e-02
4.207527637481689453e-02
2.123719453811645508e-02
3.001654148101806641e-02
3.243541717529296875e-02
1.588892936706542969e-02
1.678895950317382466e-02
1.299577951431274414e-02
1.650661230087280273e-02
4.711079597473144531e-02
2.297586202621459614e-02
3.189277648925781250e-02
2.747350931167602539e-02
2.742731571197509419e-02
1.817560195922851562e-02
1.388627290725708008e-02
4.421395063400267861e-02
2.077984809875488281e-02
5.007892847061157227e-02
2.296739816665649414e-02
3.473877906799315712e-02
2.211618423461914062e-02
3.947263956069946289e-02
3.087282180786132812e-02
2.866965532302856445e-02
2.184623479843139648e-02
1.860803365707397461e-02
3.594386577606201172e-02
2.657759189605712891e-02
3.169965744018554688e-02
2.310907840728759766e-02
2.104508876800536762e-02
5.942523479461669228e-02
4.111570119857787392e-02
5.382889509201049111e-02
1.349663734436035156e-02
2.718943357467651020e-02
1.683390140533447266e-02
2.021259069442749023e-02
3.479623794555664062e-02
3.740710020065307617e-02
2.213233709335327148e-02
6.667280197143554688e-02
4.326707124710083008e-02
2.176666259765624653e-02
2.366846799850463867e-02
2.240157127380371094e-02
5.044561624526977539e-02
2.500069141387939106e-02
2.497464418411254883e-02
2.263557910919189453e-02
2.032494544982909809e-02
2.345120906829833984e-02
3.108447790145874023e-02
3.199928998947142861e-02
3.121191263198852192e-02
6.496149301528930664e-02
3.561681509017943642e-02
2.621746063232421875e-02
2.264958620071411133e-02
2.349698543548583984e-02
4.051840305328368447e-02
3.174263238906859658e-02
3.166699409484863281e-02
5.247569084167479775e-02
3.198862075805664062e-02
2.846020460128784180e-02
2.935135364532470356e-02
2.908551692962646484e-02
5.025321245193481445e-02
2.151048183441162109e-02
2.509129047393798481e-02
2.679651975631713867e-02
2.902466058731079102e-02
3.293019533157348633e-02
2.682673931121826172e-02
3.224742412567138672e-02
4.803931713104247353e-02
2.077090740203857075e-02
4.638296365737915039e-02
3.885561227798461914e-02
5.975848436355590820e-02
4.396587610244750977e-02
4.649275541305541992e-02
4.388922452926635742e-02
2.561366558074951172e-02
1.824140548706054688e-02
1.632088422775268555e-02
